tree
version=v4
num_class=1
num_tree_per_iteration=1
label_index=0
max_feature_idx=12
objective=regression_l1
feature_names=stock_id seconds_in_bucket imbalance_size imbalance_buy_sell_flag reference_price matched_size far_price near_price bid_price bid_size ask_price ask_size wap
feature_infos=[0:9] [0:540] [0:67038812] [-1:1] [0.99505501985549927:1.0048559904098511] [653150.375:124479208] [0.89930200576782227:1.1024240255355835] [0.97486299276351929:1.0514559745788574] [0.99504697322845459:1.0041459798812866] [68.949996948242188:2265501.5] [0.99572402238845825:1.004878044128418] [68.139999389648438:1185406.75] [0.9950680136680603:1.0048559904098511]
tree_sizes=12372

Tree=0
num_leaves=143
num_cat=0
split_feature=12 11 7 11 5 5 6 11 12 1 5 5 4 2 4 6 5 7 12 4 12 12 1 12 5 6 5 6 6 5 6 10 4 5 3 2 5 1 3 4 10 2 6 1 12 5 2 10 4 1 4 12 5 3 5 1 5 5 5 10 4 10 5 5 4 12 2 1 5 10 12 6 4 4 10 4 5 10 12 12 1 5 5 5 1 10 1 5 7 6 11 1 5 1 3 5 1 6 1 2 11 10 1 2 5 5 7 12 2 12 4 4 1 4 10 11 5 4 4 4 12 12 5 1 5 2 10 1 1 11 12 1 11 5 12 10 5 11 4 1 6 1
split_gain=75.7122 50.814 20.0965 21.7858 23.2924 20.5353 21.3184 19.1316 18.8658 18.0472 14.909 20.9989 18.2392 17.1714 16.7834 14.0955 13.6528 13.6101 14.9751 13.1368 14.7401 13.9113 13.053 15.8938 14.5381 12.8491 12.4399 12.6339 11.519 11.9423 18.5229 11.4753 11.1845 14.5749 11.1502 10.9348 10.871 11.7198 11.552 10.6623 10.5652 10.5584 9.97232 9.82519 9.57988 11.0238 13.6054 13.7286 8.83182 17.0455 13.7302 11.2312 8.84427 15.0136 12.0469 8.21023 7.88643 7.77866 13.1133 8.74004 9.20933 16.576 10.4095 7.48326 7.45087 7.40893 8.84484 7.1985 7.1286 7.07737 7.00833 6.84157 6.73261 6.71586 10.2525 10.6176 6.48776 6.43906 6.43685 6.31467 6.31432 5.98592 5.96672 6.57851 5.81818 5.6974 6.48291 11.4261 5.65079 11.4948 7.01486 5.62218 5.48735 8.60827 7.07729 6.16043 7.46437 5.52591 5.44973 11.7959 5.88 5.24765 4.90942 4.80316 4.79957 4.75903 4.66667 4.3559 4.31034 4.12531 3.99074 7.55214 6.23077 4.92133 3.86303 3.41486 3.27273 3.15 5.64952 4.66765 3.06846 3.01882 3.01648 2.98174 2.96299 2.93262 2.91382 2.86202 2.72067 2.70902 2.61333 2.4381 2.42967 2.31429 2.2007 2.1293 2.01773 1.71849 1.19492 1.0462 0.146667 0.109091
threshold=0.99911051988601696 29490.879882812504 0.99930548667907726 2514.0749511718755 2358691.2500000005 51087670.000000007 0.99656951427459728 2974.9699707031255 1.0031089782714846 335.00000000000006 4064200.0000000005 16044779.500000002 1.0005955100059511 26500712.000000004 0.99986350536346447 0.98598298430442821 66287980.000000007 0.99201601743698131 0.9979819953441621 1.0003005266189577 1.0006834864616396 1.0002654790878298 465.00000000000006 0.99863350391387951 36872160.000000007 0.98658651113510143 1749733.1875000002 1.0393394827842715 0.99965649843215953 14446778.500000002 1.00219202041626 0.9978415071964265 0.99957647919654857 1656158.1250000002 -1.0000000180025095e-35 12532753.000000002 3512579.2500000005 365.00000000000006 1.0000000180025095e-35 0.99804550409317028 0.99883401393890392 33824.679687500007 0.99892547726631176 215.00000000000003 1.0003510117530825 15190035.000000002 1822001.3125000002 1.0002769827842715 0.9990224838256837 185.00000000000003 0.99951750040054332 0.99970549345016491 13060221.500000002 1.0000000180025095e-35 4064200.0000000005 365.00000000000006 5440378.5000000009 70443936.000000015 47676140.000000007 0.99935549497604381 1.0003109574317934 1.0009155273437502 4275427.0000000009 23865727.000000004 1.0001775026321413 0.9993865191936494 138191.12500000003 115.00000000000001 17696723.000000004 1.0006384849548342 1.000019967556 0.99782651662826549 1.0012115240097048 0.99987348914146434 1.000930964946747 1.0002774596214297 77503744.000000015 0.99867799878120433 1.000452518463135 1.0003864765167239 95.000000000000014 1749733.1875000002 3000614.1250000005 8509464.0000000019 195.00000000000003 1.0010179877281191 85.000000000000014 3285813.3750000005 0.99937349557876598 1.0003709793090823 54840.121093750007 415.00000000000006 2164211.2500000005 195.00000000000003 1.0000000180025095e-35 3393713.5000000005 235.00000000000003 1.002566993236542 385.00000000000006 4200656.0000000009 1042.4100341796877 1.0015720129013064 425.00000000000006 508340.89062500006 2631632.7500000005 24738793.000000004 0.99738299846649181 1.0012804865837099 2984395.3750000005 0.99785250425338756 0.9985804855823518 0.99775350093841564 235.00000000000003 0.99874699115753185 1.0009455084800722 46988.199218750007 42301224.000000007 1.0007625222206118 1.0000395178794863 1.0017575025558474 0.99955549836158764 1.0002654790878298 16901118.000000004 355.00000000000006 5936147.2500000009 1114044.8750000002 0.99904951453208934 185.00000000000003 175.00000000000003 60221.050781250007 1.0015125274658205 85.000000000000014 37779.320312500007 14446778.500000002 0.99898749589920055 0.99989250302314769 8818973.5000000019 2390.210083007813 1.0008714795112612 255.00000000000003 1.015641510486603 375.00000000000006
decision_type=2 2 10 2 2 2 8 2 2 2 2 2 2 2 2 8 2 10 2 2 2 2 2 2 2 10 2 10 8 2 8 2 2 2 2 2 2 2 2 2 2 2 8 2 2 2 2 2 2 2 2 2 2 2 2 2 2 2 2 2 2 2 2 2 2 2 2 2 2 2 2 8 2 2 2 2 2 2 2 2 2 2 2 2 2 2 2 2 8 8 2 2 2 2 2 2 2 8 2 2 2 2 2 2 2 2 10 2 2 2 2 2 2 2 2 2 2 2 2 2 2 2 2 2 2 2 2 2 2 2 2 2 2 2 2 2 2 2 2 2 10 2
left_child=2 7 3 63 67 6 17 48 10 -4 19 12 44 14 25 -3 134 18 -6 21 85 32 23 24 109 34 78 36 -14 30 56 -19 81 -34 105 82 37 38 103 106 -20 91 141 -36 45 46 64 -48 49 -2 120 -52 54 80 73 116 -30 58 59 -38 62 -62 -61 110 -12 -27 -67 -5 -43 -46 131 -70 79 -53 75 -75 -59 -41 -17 -55 -54 -9 -25 -84 -71 86 -21 121 -60 -90 -91 123 93 -22 -95 96 101 -97 99 -82 -100 -94 -10 138 -83 -13 -24 -39 -78 129 111 -1 -113 -112 -32 -44 -26 118 125 -119 133 -88 -111 -16 -33 -56 -79 -106 -76 -8 -93 -35 139 -50 140 -122 -120 -81 -28 -69 -11 -7
right_child=1 15 9 4 5 42 22 8 102 16 11 13 28 -15 41 26 -18 31 40 20 92 -23 39 35 55 65 27 -29 29 -31 114 124 33 70 43 -37 57 107 -40 77 -42 68 115 -45 69 -47 47 -49 50 -51 51 52 53 72 117 -57 -58 76 88 60 61 -63 -64 -65 -66 66 -68 132 71 84 -72 -73 -74 74 128 -77 108 126 -80 137 98 104 83 -85 -86 -87 87 -89 89 90 -92 130 95 94 -96 97 -98 -99 100 -101 -102 -103 -104 -105 127 -107 -108 -109 -110 122 113 112 -114 -115 -116 -117 -118 119 136 -121 135 -123 -124 -125 -126 -127 -128 -129 -130 -131 -132 -133 -134 -135 -136 -137 -138 -139 -140 -141 -142 -143
leaf_value=0.017069864273071292 0.020600128173828128 0.034835398197174072 -0.0032239615917205814 0.0086231887340545658 0.060097551345825201 0.030313545465469362 0.062101495265960698 0.017505955696105958 -0.056790524721145631 0.031793141365051271 -0.010801050066947938 0.016374194622039796 -0.030225288867950444 -0.030396610498428348 0.0060533642768859867 -0.0038313746452331545 0.0024348437786102296 0.014853066205978396 -0.030744445323944096 0.026653492450714113 -0.025913694500923158 -0.040499395132064825 -0.015502011775970461 -0.015764185786247255 -0.031312921643257143 0.0072266578674316413 0.05261131525039673 -0.021994063258171083 -0.012065196037292482 0.034056663513183594 0.010891902446746827 -0.02020556926727295 -0.035364937782287602 0.029700940847396853 -0.0024815678596496584 -0.016633772850036622 -0.023432126641273501 0.0057522535324096681 -0.0032239615917205814 -0.024561291933059694 0.016197681427001953 0.014110672473907472 0.0021804571151733398 0.034492754936218263 -0.040068495273590091 -0.03100661933422089 -0.0087114453315734874 0.029877454042434696 -0.022121256589889528 -0.022863650321960451 0.029270040988922122 -0.043723356723785405 -0.018466395139694215 -0.025913694500923158 -0.0072733819484710697 0.010061252117156983 0.010715389251708986 0.03876022100448609 -0.010538876056671144 -0.030225288867950444 -0.007927519083023072 0.0063181340694427497 0.0086179971694946289 -0.045423594117164616 -0.022253641486167909 0.003654861450195313 -0.018814229965209962 0.07098945379257203 0.006094896793365479 -0.017243781685829164 0.0031772375106811526 -0.0093188583850860596 -0.0012615501880645754 -0.012542819976806641 -0.0037457138299942022 0.026871538162231447 0.019120532274246219 0.0032239615917205814 -0.027086988091468815 -0.026609364151954654 0.034056663513183594 -0.028221344947814943 0.018860954046249392 0.0043505311012268068 8.8256597518920901e-05 0.04725362062454224 0.017163312435150149 0.027520483732223513 0.021690356731414798 0.007927519083023072 -0.016026359796524049 -0.016244405508041383 -0.011146289110183717 0.001526319980621338 0.06553831100463868 -0.023258209228515628 -0.032577067613601685 0.022126448154449464 0.012890654802322389 -0.0066192448139190683 -0.01968381702899933 0.011587572097778321 -0.012584352493286134 0.013939350843429567 0.0038780987262725833 0.032841837406158453 0.036756277084350586 -0.024473035335540773 -0.0029591917991638188 0.026653492450714113 0.019250321388244632 -0.0089268952608108527 -0.025215429067611695 -0.017505955696105958 -0.016462451219558718 0.035364937782287602 0.00091631114482879647 -0.009884738922119142 -0.03066138029098511 -0.037104111909866337 -0.049558675289154058 -0.011366930603981019 0.0095836281776428226 0.027961766719818117 -0.014544168114662172 -0.03936763405799866 -0.031793141365051271 -0.0075796842575073251 -0.028088960051536563 0.010274106264114381 0.0040909528732299806 0.0150243878364563 0.020034247636795045 -0.0026139527559280399 0.028787225484848026 -0.037846505641937256 -0.040938082337379458 -0.032052719593048097 0.040847229957580569 0.046942126750946049 0.030619847774505618 0.055393993854522712
leaf_weight=20 24 31 27 28 26 20 49 30 31 55 320 23 29 21 54 37 26 22 23 31 20 37 21 24 22 33 37 26 20 24 23 27 23 28 52 31 22 31 25 35 25 21 31 21 39 34 80 32 35 20 27 24 20 30 36 20 46 30 30 21 199 438 675 32 58 27 37 39 33 22 32 447 30 36 54 32 20 20 22 26 49 32 80 169 22 24 21 20 31 48 79 30 29 30 26 25 37 26 20 49 30 33 20 24 20 53 21 21 29 128 23 26 26 20 95 21 22 34 45 30 30 20 67 23 28 37 21 21 68 20 20 20 20 28 20 32 42 21 39 22 20 24
leaf_count=20 24 31 27 28 26 20 49 30 31 55 320 23 29 21 54 37 26 22 23 31 20 37 21 24 22 33 37 26 20 24 23 27 23 28 52 31 22 31 25 35 25 21 31 21 39 34 80 32 35 20 27 24 20 30 36 20 46 30 30 21 199 438 675 32 58 27 37 39 33 22 32 447 30 36 54 32 20 20 22 26 49 32 80 169 22 24 21 20 31 48 79 30 29 30 26 25 37 26 20 49 30 33 20 24 20 53 21 21 29 128 23 26 26 20 95 21 22 34 45 30 30 20 67 23 28 37 21 21 68 20 20 20 20 28 20 32 42 21 39 22 20 24
internal_value=0 -0.000490869 0.00179049 0.00143197 0.00185068 0.00143274 0.00102471 -0.00114843 -0.000737141 0.00482581 -0.000622143 -0.00102677 -0.00201238 -9.73184e-05 8.96911e-05 0.000636762 0.00626256 -0.00196119 0.000706216 0.000580667 0.00168088 -0.000967778 0.00162587 0.00212237 0.00345213 0.00201817 0.000540908 0.000668164 3.67511e-05 0.00075375 0 -0.00452468 -8.45631e-05 0.00194495 0.0036243 0.000687632 0.000755286 0.00280492 0.00425048 -0.00103339 -0.0021775 -0.000665732 0.00526229 0.00119315 -0.00281245 -0.00237697 -0.00204418 0.000622143 -0.00222301 0.00158364 -0.00241665 -0.00196564 -0.00217445 -0.000950182 -0.00294311 -0.000272188 0.00369515 0.000531621 0.000395139 0.000694229 0.000784096 2.73469e-05 0.0014767 -0.0017183 -0.00283421 -0.000448969 -0.0021775 0.00567349 -0.00123435 -0.00556181 0.00370175 -0.00145167 -0.00350028 -0.00146523 -0.000916842 0.00179324 0.00319734 -0.00297974 -0.00339542 -0.00486403 0.000673988 -0.00211408 0.00124429 0.00164406 -0.00316727 0.00420483 0.00321891 0.00157066 -0.00176053 -0.00110253 -0.00226323 0.0015774 0.000385398 0.00229211 0.00404393 -0.000580667 -0.00184758 0.00187863 0.00129473 0.00248857 -0.0010452 0 -0.00597745 0.0055744 -0.00346014 0.00595947 0.00248857 -0.00067 0.00124429 0.004355 -0.000681652 -0.00193556 -0.003685 0.00141791 -0.00206678 0.00268 -0.00237545 -0.004355 -0.00500825 -0.00272188 -0.00508664 -0.0010622 0.00370733 0.00305416 -0.00665127 -0.00322151 -0.000637317 -0.00148707 -0.00242738 0.00618536 -0.0006968 0.00580667 0.00698951 -0.00373286 0.00779316 -0.00646226 -0.00650747 -0.00685681 0.00664711 0.00785328 0.00847773 0.00831409
internal_weight=0 5199 1401 1253 1106 997 901 3284 2375 148 2324 1739 844 895 874 1915 121 151 74 585 342 243 750 632 328 246 1884 1825 237 208 184 77 206 103 149 304 1799 177 125 118 48 628 96 73 607 524 490 112 909 44 865 740 713 275 438 64 66 1622 1543 1355 1333 637 696 147 378 97 64 109 501 83 80 480 107 214 190 68 79 76 59 77 168 103 273 249 44 116 92 61 188 158 127 127 226 76 56 150 99 51 148 98 50 62 51 100 73 76 42 52 49 264 115 72 52 43 118 52 44 224 160 64 125 41 195 77 55 73 41 41 122 69 50 48 81 63 95 62 87 47 76 61 75 44
internal_count=6600 5199 1401 1253 1106 997 901 3284 2375 148 2324 1739 844 895 874 1915 121 151 74 585 342 243 750 632 328 246 1884 1825 237 208 184 77 206 103 149 304 1799 177 125 118 48 628 96 73 607 524 490 112 909 44 865 740 713 275 438 64 66 1622 1543 1355 1333 637 696 147 378 97 64 109 501 83 80 480 107 214 190 68 79 76 59 77 168 103 273 249 44 116 92 61 188 158 127 127 226 76 56 150 99 51 148 98 50 62 51 100 73 76 42 52 49 264 115 72 52 43 118 52 44 224 160 64 125 41 195 77 55 73 41 41 122 69 50 48 81 63 95 62 87 47 76 61 75 44
is_linear=0
shrinkage=0.00871


end of trees

feature_importances:
matched_size=33
seconds_in_bucket=22
reference_price=19
wap=18
ask_price=13
far_price=11
imbalance_size=9
ask_size=9
imbalance_buy_sell_flag=4
near_price=4

parameters:
[boosting: gbdt]
[objective: regression_l1]
[metric: l1]
[tree_learner: serial]
[device_type: cpu]
[data: ]
[valid: ]
[num_iterations: 6000]
[learning_rate: 0.00871]
[num_leaves: 256]
[num_threads: 4]
[deterministic: 0]
[force_col_wise: 0]
[force_row_wise: 0]
[histogram_pool_size: -1]
[max_depth: 11]
[min_data_in_leaf: 20]
[min_sum_hessian_in_leaf: 0.001]
[bagging_fraction: 0.6]
[pos_bagging_fraction: 1]
[neg_bagging_fraction: 1]
[bagging_freq: 0]
[bagging_seed: 400]
[feature_fraction: 0.8]
[feature_fraction_bynode: 1]
[feature_fraction_seed: 30056]
[extra_trees: 0]
[extra_seed: 12879]
[early_stopping_round: 0]
[first_metric_only: 0]
[max_delta_step: 0]
[lambda_l1: 0]
[lambda_l2: 0]
[linear_lambda: 0]
[min_gain_to_split: 0]
[drop_rate: 0.1]
[max_drop: 50]
[skip_drop: 0.5]
[xgboost_dart_mode: 0]
[uniform_drop: 0]
[drop_seed: 17869]
[top_rate: 0.2]
[other_rate: 0.1]
[min_data_per_group: 100]
[max_cat_threshold: 32]
[cat_l2: 10]
[cat_smooth: 10]
[max_cat_to_onehot: 4]
[top_k: 20]
[monotone_constraints: ]
[monotone_constraints_method: basic]
[monotone_penalty: 0]
[feature_contri: ]
[forcedsplits_filename: ]
[refit_decay_rate: 0.9]
[cegb_tradeoff: 1]
[cegb_penalty_split: 0]
[cegb_penalty_feature_lazy: ]
[cegb_penalty_feature_coupled: ]
[path_smooth: 0]
[interaction_constraints: ]
[verbosity: -1]
[saved_feature_importance_type: 0]
[linear_tree: 0]
[max_bin: 247]
[max_bin_by_feature: ]
[min_data_in_bin: 3]
[bin_construct_sample_cnt: 200000]
[data_random_seed: 175]
[is_enable_sparse: 1]
[enable_bundle: 1]
[use_missing: 1]
[zero_as_missing: 0]
[feature_pre_filter: 1]
[pre_partition: 0]
[two_round: 0]
[header: 0]
[label_column: ]
[weight_column: ]
[group_column: ]
[ignore_column: ]
[categorical_feature: ]
[forcedbins_filename: ]
[precise_float_parser: 0]
[parser_config_file: ]
[objective_seed: 16083]
[num_class: 1]
[is_unbalance: 0]
[scale_pos_weight: 1]
[sigmoid: 1]
[boost_from_average: 1]
[reg_sqrt: 0]
[alpha: 0.9]
[fair_c: 1]
[poisson_max_delta_step: 0.7]
[tweedie_variance_power: 1.5]
[lambdarank_truncation_level: 30]
[lambdarank_norm: 1]
[label_gain: ]
[lambdarank_position_bias_regularization: 0]
[eval_at: ]
[multi_error_top_k: 1]
[auc_mu_weights: ]
[num_machines: 1]
[local_listen_port: 12400]
[time_out: 120]
[machine_list_filename: ]
[machines: ]
[gpu_platform_id: -1]
[gpu_device_id: -1]
[gpu_use_dp: 0]
[num_gpu: 1]

end of parameters

pandas_categorical:[]
